3
10
75
125
174
251
255
283
314
345
353
358
386
409
516
568
576
600
613
623
648
655
691
743
748
776
804
805
842
922
987
1032
1046
1066
1088
1138
1179
1223
1274
1314
1322
1371
1377
1391
1443
1527
1538
1586
1587
1628
1656
1808
1854
1891
1893
1921
1927
1936
1976
2168
2209
2229
2250
2274
2385
2399
2449
2476
2550
2587
2604
2608
2638
2680
2715
2759
2826
2890
2957
3069
3114
3139
3184
3218
3265
3274
3377
3426
3451
3473
3478
3532
3603
3648
3668
3695
3755
3770
3889
3939
4059
4078
4191
4218
4314
4315
4320
4345
4389
4396
4421
4466
4491
4493
4543
4551
4608
4664
4722
4727
4741
4798
4833
4849
4852
4960
5012
