8
30
69
73
90
128
132
167
186
244
259
261
284
294
309
322
355
432
438
449
450
488
512
513
531
545
570
592
628
760
772
799
806
809
812
836
892
897
911
921
923
937
957
978
1004
1009
1031
1047
1102
1142
1154
1160
1208
1219
1253
1262
1263
1430
1437
1442
1477
1482
1507
1523
1556
1559
1579
1592
1613
1625
1627
1634
1638
1653
1659
1720
1724
1745
1758
1767
1796
1815
1819
1839
1870
1889
1925
1956
1973
1985
1992
2016
2061
2116
2144
2145
2198
2203
2221
2248
2260
2299
2307
2315
2333
2348
2350
2360
2401
2431
2470
2477
2498
2589
2590
2613
2616
2632
2688
2744
2788
2795
2802
2833
2842
2847
2898
2975
2979
2989
3007
3014
3018
3025
3036
3058
3059
3094
3098
3105
3140
3145
3155
3201
3222
3241
3249
3277
3291
3321
3329
3361
3367
3381
3423
3442
3477
3552
3586
3608
3620
3633
3635
3643
3679
3686
3698
3728
3733
3776
3781
3814
3819
3835
3850
3852
3987
4014
4020
4038
4056
4095
4105
4118
4180
4183
4252
4262
4306
4323
4366
4393
4401
4426
4446
4450
4452
4457
4477
4482
4561
4585
4611
4620
4639
4640
4642
4655
4666
4690
4695
4766
4774
4782
4848
4880
4913
4924
4971
5000
5034
